Linux 6.11.0-1015-azure (zfs) 	06/16/25 	_x86_64_	(32 CPU)

avg-cpu:  %user   %nice %system %iowait  %steal   %idle
          10.06    0.00    3.28    2.42    0.00   84.23

Device             tps    kB_read/s    kB_wrtn/s    kB_dscd/s    kB_read    kB_wrtn    kB_dscd
loop0             0.00         0.00         0.00         0.00         14          0          0
md0            6018.87         1.28    198323.06         0.00       4557  706918572          0
sda               5.18       203.02        24.49        50.51     723670      87286     180044
sdb               6.41        14.64      5815.39    353007.78      52189   20728828 1258289156
sdc            1958.42         3.42     66141.49      9404.08      12193  235760016   33520644
sdd            1955.75         2.71     66120.86      9404.08       9662  235686480   33520640
sde            1950.41         3.29     66060.71      9404.08      11730  235472088   33520640


avg-cpu:  %user   %nice %system %iowait  %steal   %idle
           9.63    0.00    6.34    3.80    0.00   80.24

Device             tps    kB_read/s    kB_wrtn/s    kB_dscd/s    kB_read    kB_wrtn    kB_dscd
loop0             0.00         0.00         0.00         0.00          0          0          0
md0           13082.10         0.00    301782.80         0.00          0    3017828          0
sda               2.00         0.00        13.20         0.00          0        132          0
sdb               0.00         0.00         0.00         0.00          0          0          0
sdc            4270.10         0.00    100660.80         0.00          0    1006608          0
sdd            4283.30         0.00    100953.20         0.00          0    1009532          0
sde            4257.10         0.00    100168.80         0.00          0    1001688          0


avg-cpu:  %user   %nice %system %iowait  %steal   %idle
           9.97    0.00    6.27    4.16    0.00   79.60

Device             tps    kB_read/s    kB_wrtn/s    kB_dscd/s    kB_read    kB_wrtn    kB_dscd
loop0             0.00         0.00         0.00         0.00          0          0          0
md0           15590.50         0.00    350328.40         0.00          0    3503284          0
sda               0.20         0.00         0.80         0.00          0          8          0
sdb               0.00         0.00         0.00         0.00          0          0          0
sdc            5101.10         0.00    116896.40         0.00          0    1168964          0
sdd            5139.70         0.00    116980.40         0.00          0    1169804          0
sde            5110.40         0.00    116451.60         0.00          0    1164516          0


avg-cpu:  %user   %nice %system %iowait  %steal   %idle
          10.73    0.00    6.56    4.18    0.00   78.53

Device             tps    kB_read/s    kB_wrtn/s    kB_dscd/s    kB_read    kB_wrtn    kB_dscd
loop0             0.00         0.00         0.00         0.00          0          0          0
md0           14818.80         0.00    325977.60         0.00          0    3259776          0
sda               0.60         0.00         8.00         2.00          0         80         20
sdb               0.00         0.00         0.00         0.00          0          0          0
sdc            4841.60         0.00    108475.60         0.00          0    1084756          0
sdd            4892.70         0.00    109053.60         0.00          0    1090536          0
sde            4819.40         0.00    108448.40         0.00          0    1084484          0


avg-cpu:  %user   %nice %system %iowait  %steal   %idle
          10.96    0.00    6.75    4.43    0.00   77.85

Device             tps    kB_read/s    kB_wrtn/s    kB_dscd/s    kB_read    kB_wrtn    kB_dscd
loop0             0.00         0.00         0.00         0.00          0          0          0
md0           13882.50         0.00    329298.80         0.00          0    3292988          0
sda               1.10         0.00         4.40         0.00          0         44          0
sdb               0.00         0.00         0.00         0.00          0          0          0
sdc            4549.10         0.00    109649.60         0.00          0    1096496          0
sdd            4557.30         0.00    110285.60         0.00          0    1102856          0
sde            4500.60         0.00    109362.00         0.00          0    1093620          0


avg-cpu:  %user   %nice %system %iowait  %steal   %idle
           9.65    0.00    6.16    4.83    0.00   79.37

Device             tps    kB_read/s    kB_wrtn/s    kB_dscd/s    kB_read    kB_wrtn    kB_dscd
loop0             0.00         0.00         0.00         0.00          0          0          0
md0           16692.80         0.00    331174.40         0.00          0    3311744          0
sda               0.50         0.00         2.00         0.00          0         20          0
sdb               0.00         0.00         0.00         0.00          0          0          0
sdc            5466.40         0.00    110603.60         0.00          0    1106036          0
sdd            5477.50         0.00    110480.80         0.00          0    1104808          0
sde            5458.80         0.00    110091.60         0.00          0    1100916          0


avg-cpu:  %user   %nice %system %iowait  %steal   %idle
           9.89    0.00    6.12    4.97    0.00   79.02

Device             tps    kB_read/s    kB_wrtn/s    kB_dscd/s    kB_read    kB_wrtn    kB_dscd
loop0             0.00         0.00         0.00         0.00          0          0          0
md0           15819.20         0.00    336747.60         0.00          0    3367476          0
sda               0.90         0.00        18.80         1.60          0        188         16
sdb               0.00         0.00         0.00         0.00          0          0          0
sdc            5214.20         0.00    112437.60         0.00          0    1124376          0
sdd            5220.70         0.00    112345.20         0.00          0    1123452          0
sde            5150.60         0.00    111964.80         0.00          0    1119648          0


avg-cpu:  %user   %nice %system %iowait  %steal   %idle
          11.57    0.00    6.97    4.42    0.00   77.04

Device             tps    kB_read/s    kB_wrtn/s    kB_dscd/s    kB_read    kB_wrtn    kB_dscd
loop0             0.00         0.00         0.00         0.00          0          0          0
md0           13953.60         0.00    323716.00         0.00          0    3237160          0
sda               3.20         0.00        17.20         0.00          0        172          0
sdb               0.00         0.00         0.00         0.00          0          0          0
sdc            4571.00         0.00    108218.80         0.00          0    1082188          0
sdd            4571.40         0.00    107880.40         0.00          0    1078804          0
sde            4538.10         0.00    107620.00         0.00          0    1076200          0


avg-cpu:  %user   %nice %system %iowait  %steal   %idle
          11.44    0.00    6.92    4.87    0.00   76.76

Device             tps    kB_read/s    kB_wrtn/s    kB_dscd/s    kB_read    kB_wrtn    kB_dscd
loop0             0.00         0.00         0.00         0.00          0          0          0
md0           13595.30         0.00    324064.80         0.00          0    3240648          0
sda               0.30         0.00         1.20         0.00          0         12          0
sdb               0.00         0.00         0.00         0.00          0          0          0
sdc            4428.40         0.00    107924.40         0.00          0    1079244          0
sdd            4452.00         0.00    108317.20         0.00          0    1083172          0
sde            4428.40         0.00    107820.00         0.00          0    1078200          0


avg-cpu:  %user   %nice %system %iowait  %steal   %idle
           9.13    0.00    5.88    5.77    0.00   79.22

Device             tps    kB_read/s    kB_wrtn/s    kB_dscd/s    kB_read    kB_wrtn    kB_dscd
loop0             0.00         0.00         0.00         0.00          0          0          0
md0           17820.10         0.00    331277.20         0.00          0    3312772          0
sda               0.90         0.00        10.80       174.40          0        108       1744
sdb               0.00         0.00         0.00         0.00          0          0          0
sdc            5831.70         0.00    110222.80         0.00          0    1102228          0
sdd            5880.10         0.00    111053.60         0.00          0    1110536          0
sde            5817.80         0.00    110000.80         0.00          0    1100008          0


avg-cpu:  %user   %nice %system %iowait  %steal   %idle
          11.22    0.00    6.89    4.20    0.00   77.70

Device             tps    kB_read/s    kB_wrtn/s    kB_dscd/s    kB_read    kB_wrtn    kB_dscd
loop0             0.00         0.00         0.00         0.00          0          0          0
md0           14773.30         0.00    332980.80         0.00          0    3329808          0
sda               1.90         0.00         7.60         0.00          0         76          0
sdb               0.00         0.00         0.00         0.00          0          0          0
sdc            4835.00         0.00    110930.00         0.00          0    1109300          0
sdd            4849.60         0.00    110846.00         0.00          0    1108460          0
sde            4855.60         0.00    111209.60         0.00          0    1112096          0


avg-cpu:  %user   %nice %system %iowait  %steal   %idle
          12.29    0.00    7.25    4.47    0.00   75.99

Device             tps    kB_read/s    kB_wrtn/s    kB_dscd/s    kB_read    kB_wrtn    kB_dscd
loop0             0.00         0.00         0.00         0.00          0          0          0
md0           13304.50         0.00    322614.80         0.00          0    3226148          0
sda               2.40         0.00        13.60         0.00          0        136          0
sdb               0.00         0.00         0.00         0.00          0          0          0
sdc            4334.20         0.00    107523.60         0.00          0    1075236          0
sdd            4377.50         0.00    108056.00         0.00          0    1080560          0
sde            4306.10         0.00    107030.40         0.00          0    1070304          0


avg-cpu:  %user   %nice %system %iowait  %steal   %idle
           9.73    0.00    6.11    4.87    0.00   79.29

Device             tps    kB_read/s    kB_wrtn/s    kB_dscd/s    kB_read    kB_wrtn    kB_dscd
loop0             0.00         0.00         0.00         0.00          0          0          0
md0           17038.00         0.00    327522.80         0.00          0    3275228          0
sda               1.20         0.00        18.40         8.00          0        184         80
sdb               0.00         0.00         0.00         0.00          0          0          0
sdc            5577.10         0.00    108898.40         0.00          0    1088984          0
sdd            5600.30         0.00    109441.20         0.00          0    1094412          0
sde            5564.10         0.00    109183.20         0.00          0    1091832          0


avg-cpu:  %user   %nice %system %iowait  %steal   %idle
          10.51    0.00    6.49    4.24    0.00   78.76

Device             tps    kB_read/s    kB_wrtn/s    kB_dscd/s    kB_read    kB_wrtn    kB_dscd
loop0             0.00         0.00         0.00         0.00          0          0          0
md0           16815.80         0.00    345352.40         0.00          0    3453524          0
sda               3.30         0.00        14.80         0.00          0        148          0
sdb               0.00         0.00         0.00         0.00          0          0          0
sdc            5545.80         0.00    115374.00         0.00          0    1153740          0
sdd            5548.80         0.00    115214.80         0.00          0    1152148          0
sde            5496.40         0.00    114763.60         0.00          0    1147636          0


avg-cpu:  %user   %nice %system %iowait  %steal   %idle
          11.66    0.00    7.11    4.39    0.00   76.84

Device             tps    kB_read/s    kB_wrtn/s    kB_dscd/s    kB_read    kB_wrtn    kB_dscd
loop0             0.00         0.00         0.00         0.00          0          0          0
md0           14241.10         0.00    321026.80         0.00          0    3210268          0
sda               0.90         0.00         4.40         0.00          0         44          0
sdb               0.00         0.00         0.00         0.00          0          0          0
sdc            4666.90         0.00    107332.40         0.00          0    1073324          0
sdd            4667.30         0.00    106892.80         0.00          0    1068928          0
sde            4643.90         0.00    106802.40         0.00          0    1068024          0


avg-cpu:  %user   %nice %system %iowait  %steal   %idle
          11.35    0.00    7.03    4.57    0.00   77.05

Device             tps    kB_read/s    kB_wrtn/s    kB_dscd/s    kB_read    kB_wrtn    kB_dscd
loop0             0.00         0.00         0.00         0.00          0          0          0
md0           14323.50         0.00    321678.80         0.00          0    3216788          0
sda               3.80         0.00        44.80         6.80          0        448         68
sdb               0.00         0.00         0.00         0.00          0          0          0
sdc            4672.90         0.00    107145.20         0.00          0    1071452          0
sdd            4698.70         0.00    107494.80         0.00          0    1074948          0
sde            4661.60         0.00    107038.00         0.00          0    1070380          0


avg-cpu:  %user   %nice %system %iowait  %steal   %idle
           9.75    0.00    6.22    5.09    0.00   78.94

Device             tps    kB_read/s    kB_wrtn/s    kB_dscd/s    kB_read    kB_wrtn    kB_dscd
loop0             0.00         0.00         0.00         0.00          0          0          0
md0           17196.00         0.00    322624.80         0.00          0    3226248          0
sda               3.40         0.00       181.60         0.00          0       1816          0
sdb               0.00         0.00         0.00         0.00          0          0          0
sdc            5619.10         0.00    107672.80         0.00          0    1076728          0
sdd            5663.40         0.00    107654.80         0.00          0    1076548          0
sde            5634.50         0.00    107297.20         0.00          0    1072972          0


avg-cpu:  %user   %nice %system %iowait  %steal   %idle
          10.84    0.00    6.77    4.30    0.00   78.08

Device             tps    kB_read/s    kB_wrtn/s    kB_dscd/s    kB_read    kB_wrtn    kB_dscd
loop0             0.00         0.00         0.00         0.00          0          0          0
md0           15035.10         0.00    329261.20         0.00          0    3292612          0
sda               1.90         0.00       185.60         0.00          0       1856          0
sdb               0.00         0.00         0.00         0.00          0          0          0
sdc            4933.30         0.00    109904.40         0.00          0    1099044          0
sdd            4939.50         0.00    109677.60         0.00          0    1096776          0
sde            4935.50         0.00    109683.20         0.00          0    1096832          0


avg-cpu:  %user   %nice %system %iowait  %steal   %idle
          12.11    0.00    7.36    4.28    0.00   76.25

Device             tps    kB_read/s    kB_wrtn/s    kB_dscd/s    kB_read    kB_wrtn    kB_dscd
loop0             0.00         0.00         0.00         0.00          0          0          0
md0           13352.20         0.00    316372.40         0.00          0    3163724          0
sda               3.00         0.40       203.20       412.00          4       2032       4120
sdb               0.00         0.00         0.00         0.00          0          0          0
sdc            4348.50         0.00    105142.80         0.00          0    1051428          0
sdd            4363.60         0.00    105996.40         0.00          0    1059964          0
sde            4361.10         0.00    105230.80         0.00          0    1052308          0


avg-cpu:  %user   %nice %system %iowait  %steal   %idle
          10.41    0.00    6.42    5.75    0.00   77.43

Device             tps    kB_read/s    kB_wrtn/s    kB_dscd/s    kB_read    kB_wrtn    kB_dscd
loop0             0.00         0.00         0.00         0.00          0          0          0
md0           15836.60         0.00    311617.20         0.00          0    3116172          0
sda               4.10         0.00       193.60         0.00          0       1936          0
sdb               0.00         0.00         0.00         0.00          0          0          0
sdc            5170.30         0.00    104412.00         0.00          0    1044120          0
sdd            5239.40         0.00    104223.20         0.00          0    1042232          0
sde            5159.60         0.00    102980.40         0.00          0    1029804          0


avg-cpu:  %user   %nice %system %iowait  %steal   %idle
           9.87    0.00    6.19    4.75    0.00   79.19

Device             tps    kB_read/s    kB_wrtn/s    kB_dscd/s    kB_read    kB_wrtn    kB_dscd
loop0             0.00         0.00         0.00         0.00          0          0          0
md0           16784.40        25.60    324225.20         0.00        256    3242252          0
sda               3.20       128.00        36.40         0.00       1280        364          0
sdb               0.40        51.20         0.00         0.00        512          0          0
sdc            5508.90        51.20    107914.80         0.00        512    1079148          0
sdd            5515.30        25.60    107952.40         0.00        256    1079524          0
sde            5511.40        25.60    108358.00         0.00        256    1083580          0


avg-cpu:  %user   %nice %system %iowait  %steal   %idle
          11.93    0.00    7.30    4.24    0.00   76.53

Device             tps    kB_read/s    kB_wrtn/s    kB_dscd/s    kB_read    kB_wrtn    kB_dscd
loop0             0.00         0.00         0.00         0.00          0          0          0
md0           14060.40        25.60    324748.40         0.00        256    3247484          0
sda               4.50       128.00        49.20        61.60       1280        492        616
sdb               0.40        51.20         0.00         0.00        512          0          0
sdc            4597.30        51.20    108006.80         0.00        512    1080068          0
sdd            4608.70        25.60    108545.20         0.00        256    1085452          0
sde            4589.10        25.60    108198.80         0.00        256    1081988          0


avg-cpu:  %user   %nice %system %iowait  %steal   %idle
          11.98    0.00    7.24    4.45    0.00   76.34

Device             tps    kB_read/s    kB_wrtn/s    kB_dscd/s    kB_read    kB_wrtn    kB_dscd
loop0             0.00         0.00         0.00         0.00          0          0          0
md0           14192.50        25.60    318622.80         0.00        256    3186228          0
sda               5.80       128.00        34.00         0.00       1280        340          0
sdb               0.40        51.20         0.00         0.00        512          0          0
sdc            4623.00        51.20    106183.60         0.00        512    1061836          0
sdd            4649.90        25.60    106184.80         0.00        256    1061848          0
sde            4641.10        25.60    106256.00         0.00        256    1062560          0


avg-cpu:  %user   %nice %system %iowait  %steal   %idle
          11.51    0.00    6.92    5.34    0.00   76.23

Device             tps    kB_read/s    kB_wrtn/s    kB_dscd/s    kB_read    kB_wrtn    kB_dscd
loop0             0.00         0.00         0.00         0.00          0          0          0
md0           15176.40         0.00    312580.00         0.00          0    3125800          0
sda               1.90         0.00        12.00         0.00          0        120          0
sdb               0.00         0.00         0.00         0.00          0          0          0
sdc            4976.40         0.00    104346.00         0.00          0    1043460          0
sdd            4981.90         0.00    104066.40         0.00          0    1040664          0
sde            4951.80         0.00    104163.60         0.00          0    1041636          0


avg-cpu:  %user   %nice %system %iowait  %steal   %idle
          10.10    0.00    6.27    4.79    0.00   78.84

Device             tps    kB_read/s    kB_wrtn/s    kB_dscd/s    kB_read    kB_wrtn    kB_dscd
loop0             0.00         0.00         0.00         0.00          0          0          0
md0           17067.20         0.00    333054.00         0.00          0    3330540          0
sda               2.30         0.00        38.40       226.40          0        384       2264
sdb               0.00         0.00         0.00         0.00          0          0          0
sdc            5556.50         0.00    110850.00         0.00          0    1108500          0
sdd            5604.10         0.00    111134.40         0.00          0    1111344          0
sde            5602.70         0.00    111069.60         0.00          0    1110696          0


avg-cpu:  %user   %nice %system %iowait  %steal   %idle
          11.02    0.00    6.77    4.10    0.00   78.10

Device             tps    kB_read/s    kB_wrtn/s    kB_dscd/s    kB_read    kB_wrtn    kB_dscd
loop0             0.00         0.00         0.00         0.00          0          0          0
md0           14975.90         0.00    331111.60         0.00          0    3311116          0
sda               3.90         0.00        35.60         0.00          0        356          0
sdb               0.00         0.00         0.00         0.00          0          0          0
sdc            4926.30         0.00    110310.40         0.00          0    1103104          0
sdd            4917.10         0.00    110712.40         0.00          0    1107124          0
sde            4916.80         0.00    110088.00         0.00          0    1100880          0


avg-cpu:  %user   %nice %system %iowait  %steal   %idle
          11.74    0.00    7.00    4.89    0.00   76.37

Device             tps    kB_read/s    kB_wrtn/s    kB_dscd/s    kB_read    kB_wrtn    kB_dscd
loop0             0.00         0.00         0.00         0.00          0          0          0
md0           14399.10         0.00    314188.00         0.00          0    3141880          0
sda               0.30         0.00         1.20         0.00          0         12          0
sdb               0.00         0.00         0.00         0.00          0          0          0
sdc            4699.50         0.00    104378.00         0.00          0    1043780          0
sdd            4715.00         0.00    105152.80         0.00          0    1051528          0
sde            4711.20         0.00    104662.00         0.00          0    1046620          0


avg-cpu:  %user   %nice %system %iowait  %steal   %idle
          11.66    0.00    6.88    4.64    0.00   76.83

Device             tps    kB_read/s    kB_wrtn/s    kB_dscd/s    kB_read    kB_wrtn    kB_dscd
loop0             0.00         0.00         0.00         0.00          0          0          0
md0           13137.80         0.00    312747.60         0.00          0    3127476          0
sda               0.70         0.00         4.80         1.60          0         48         16
sdb               0.00         0.00         0.00         0.00          0          0          0
sdc            4264.20         0.00    104008.40         0.00          0    1040084          0
sdd            4304.90         0.00    104598.00         0.00          0    1045980          0
sde            4298.80         0.00    104086.00         0.00          0    1040860          0


avg-cpu:  %user   %nice %system %iowait  %steal   %idle
          10.46    0.00    6.48    4.70    0.00   78.36

Device             tps    kB_read/s    kB_wrtn/s    kB_dscd/s    kB_read    kB_wrtn    kB_dscd
loop0             0.00         0.00         0.00         0.00          0          0          0
md0           17225.60         0.00    330900.00         0.00          0    3309000          0
sda               0.50         0.00         2.00         0.00          0         20          0
sdb               0.00         0.00         0.00         0.00          0          0          0
sdc            5651.60         0.00    110175.20         0.00          0    1101752          0
sdd            5666.70         0.00    110796.00         0.00          0    1107960          0
sde            5623.00         0.00    109980.00         0.00          0    1099800          0


avg-cpu:  %user   %nice %system %iowait  %steal   %idle
           9.87    0.00    6.17    5.12    0.00   78.84

Device             tps    kB_read/s    kB_wrtn/s    kB_dscd/s    kB_read    kB_wrtn    kB_dscd
loop0             0.00         0.00         0.00         0.00          0          0          0
md0           16603.60         0.00    319350.80         0.00          0    3193508          0
sda               0.20         0.00         1.20         0.00          0         12          0
sdb               0.00         0.00         0.00         0.00          0          0          0
sdc            5462.80         0.00    106591.20         0.00          0    1065912          0
sdd            5456.90         0.00    106494.40         0.00          0    1064944          0
sde            5466.30         0.00    106264.40         0.00          0    1062644          0


avg-cpu:  %user   %nice %system %iowait  %steal   %idle
          12.52    0.00    7.43    4.59    0.00   75.46

Device             tps    kB_read/s    kB_wrtn/s    kB_dscd/s    kB_read    kB_wrtn    kB_dscd
loop0             0.00         0.00         0.00         0.00          0          0          0
md0           13572.40         0.00    318719.60         0.00          0    3187196          0
sda               2.90         0.00        20.40         2.00          0        204         20
sdb               0.00         0.00         0.00         0.00          0          0          0
sdc            4437.30         0.00    106866.80         0.00          0    1068668          0
sdd            4441.10         0.00    106068.80         0.00          0    1060688          0
sde            4415.30         0.00    105786.40         0.00          0    1057864          0

